     419.8
     426.3
     454.5
     471.0
     586.5
     643.4
     651.9
     654.1
     655.8
     666.3
     681.4
     705.3
     772.5
     859.3
     887.8
     892.8
     945.5
    1051.0
    1109.7
    1135.1
    1143.1
    1151.6
    1206.3
    1324.2
    1334.0
    1335.3
    1356.9
    1374.1
    1398.2
    1416.4
    1450.7
    1583.8
    1590.6
    1600.4
    1614.6
    1773.0
    1790.6
    1805.8
    1852.4
    1859.8
    1869.3
    2004.9
    2053.7
    2087.2
    2241.6
    2313.3
