     429.0
     443.1
     510.6
     511.3
     514.8
     541.9
     559.5
     598.3
     614.0
     633.9
     675.2
     707.3
     709.5
     725.0
     757.4
     758.5
     775.6
     820.9
     834.7
     856.7
     869.4
     875.6
     876.6
     898.2
     905.7
     950.7
     979.0
    1003.3
    1006.8
    1012.7
    1022.7
    1128.1
    1187.1
    1195.3
    1257.2
    1262.6
    1321.4
    1324.9
    1342.4
    1347.4
    1481.6
    1486.4
    1541.4
    1694.9
    1745.6
    1754.8
    1783.3
    1816.5
    1829.3
    1834.9
    1855.6
    1877.1
    1915.0
    1918.6
    1933.1
    1945.2
    1994.9
